n_solutions: 18
spacing: 5441.533945173052
diversity: 305184.0180776182
MMID: 1.0672724441267714
