n_solutions: 16
spacing: 6.407027391856539
diversity: 120.04165943538102
MMID: 1.0757836833113918
