n_solutions: 6
spacing: 103.27955589886444
diversity: 746.0134047053042
MMID: 1.1414381655794286
