n_solutions: 100
spacing: 1.1999999999999982
diversity: 65.01538279515087
MMID: 1.0959726690354479
