n_solutions: 28
spacing: 1025.201156542296
diversity: 52849.04117389453
MMID: 0.6234111793747171
