n_solutions: 20
spacing: 6095.275587224132
diversity: 536780.0336497251
MMID: 0.7697843569565533
