n_solutions: 10
spacing: 1195.8517931211675
diversity: 10895.01950434234
MMID: 0.8715139188246781
