n_solutions: 11
spacing: 29.794142194245318
diversity: 226.0287592320942
MMID: 1.0767369633292798
