n_solutions: 23
spacing: 8240.754657919131
diversity: 228159.06559021494
MMID: 1.033057556935657
