n_solutions: 3
spacing: 571.5767664977295
diversity: 1087.0045998062749
MMID: 1.156454490708798
