n_solutions: 200
spacing: 1986.1922376748964
diversity: 255710.0203922404
MMID: 1.2072144640945208
