n_solutions: 18
spacing: 21.684607956387456
diversity: 950.0447357887944
MMID: 0.9101571605550443
