n_solutions: 200
spacing: 0.0
diversity: 9107.000549028204
MMID: 1.197268102757648
