n_solutions: 3
spacing: 1442320.2766819857
diversity: 2515001.0352375605
MMID: 0.9714084410568962
