n_solutions: 9
spacing: 21036.202479297444
diversity: 154277.00632628312
MMID: 0.9831533098222839
