n_solutions: 13
spacing: 6362.234808336631
diversity: 97674.01623768729
MMID: 0.8780744914198338
