n_solutions: 200
spacing: 0.0
diversity: 2776.649059568025
MMID: 1.0082842712474618
