n_solutions: 20
spacing: 228.74975409822852
diversity: 33842.00592459022
MMID: 1.0842302806060957
