n_solutions: 50
spacing: 0.0
diversity: 29160.07930373304
MMID: 0.8467837630001475
