n_solutions: 86
spacing: 1847.6067360677152
diversity: 311075.03762757947
MMID: 1.0223529145802588
