n_solutions: 7
spacing: 2956.0278447686546
diversity: 15911.008170446019
MMID: 0.899290050266899
