n_solutions: 13
spacing: 2554.317669439386
diversity: 50477.012619607354
MMID: 0.8306796829003851
