n_solutions: 200
spacing: 0.0
diversity: 33137.00671454801
MMID: 1.124380568026706
