n_solutions: 8
spacing: 2012.353095791804
diversity: 57583.017366233944
MMID: 0.8591596141702256
